152,14
26,17
26,16
2,10
2,9
2,8
2,7
2,6
2,4
2,2
1,9
1,7
1,6
1,4
1,2
0,504
0,501
0,499
0,497
0,495
0,486
0,485
0,476
0,474
0,471
0,468
0,461
0,458
0,457
0,456
0,454
1,8
2,34
0,447
2,33
0,443
152,13
0,441
0,440
152,1
0,438
152,3
0,437
0,448
0,435
0,451
0,434
0,449
0,432
152,0
1,1
0,429
1,5
0,425
1,3
0,424
1,0
2,97
61,7
0,423
0,411
0,409
0,378
0,374
0,369
0,368
0,367
0,364
0,362
0,361
0,359
0,352
0,351
0,349
0,348
0,347
0,345
0,344
61,1
0,343
0,335
0,334
0,330
0,329
61,3
0,327
0,445
0,322
0,375
2,1
0,320
61,0
0,319
2,13
0,311
2,3
0,243
2,0
0,376
0,9
0,325
0,310
0,305
0,331
0,385
0,498
0,464
0,455
0,450
0,446
0,431
0,392
0,453
0,452
0,406
0,459
0,460
0,381
0,308
0,304
0,303
0,302
0,307
0,444
0,12
0,373
0,10
0,483
0,8
0,0
0,505
0,300
0,299
0,401
0,298
0,509
0,297
0,356
0,296
0,295
0,470
0,294
0,354
0,293
0,466
0,292
0,506
0,291
0,482
0,290
0,313
0,289
0,391
0,288
0,393
0,287
0,371
0,286
0,503
0,285
0,502
0,284
0,390
0,283
0,467
0,282
0,480
0,281
0,419
0,280
0,500
0,279
0,415
0,278
0,389
0,277
2,11
2,12
2,15
2,16
2,18
2,19
2,21
2,23
2,24
2,26
2,27
2,29
2,31
2,32
2,64
2,65
2,67
2,68
2,70
2,73
2,74
2,76
2,77
2,79
2,83
2,84
2,86
2,87
2,89
2,90
2,94
2,96
2,100
2,105
2,108
2,111
2,113
2,122
3,0
3,1
3,3
3,4
3,6
4,1
4,2
24,0
24,1
24,4
24,6
24,7
25,0
25,1
25,4
25,6
25,9
25,12
25,13
25,16
25,19
25,23
26,1
26,3
26,5
26,21
28,1
28,2
28,4
28,5
28,7
29,0
29,3
31,0
31,1
31,4
33,0
33,3
34,0
34,1
34,3
34,4
35,0
35,1
35,3
35,5
35,6
36,0
36,1
36,3
36,5
36,6
36,8
36,9
37,1
37,4
37,5
38,1
38,2
38,4
40,0
40,2
40,4
40,5
41,1
41,3
41,5
42,1
42,3
42,5
43,0
43,2
43,3
43,5
43,7
43,8
43,10
43,11
43,13
43,15
48,0
48,3
48,4
48,6
49,0
49,3
49,6
49,7
50,1
50,3
51,0
51,3
51,4
52,0
52,1
52,5
54,0
54,3
54,5
55,0
55,3
55,5
56,1
56,4
56,5
57,0
57,1
57,6
58,1
58,3
58,5
59,0
59,3
59,4
60,1
60,3
60,4
61,4
61,5
61,8
62,1
62,2
62,4
62,5
62,7
62,8
62,10
62,12
62,13
62,15
62,16
62,18
63,1
63,2
63,4
63,5
64,1
64,2
64,4
64,6
66,0
66,3
66,4
75,1
75,5
76,0
76,2
76,3
76,5
78,0
78,1
78,4
78,5
78,7
78,8
78,10
81,0
81,1
81,4
82,0
82,3
83,0
83,1
83,3
83,4
83,6
83,7
83,9
84,0
84,1
84,4
84,5
84,8
84,10
84,11
84,15
84,16
84,19
84,21
84,23
84,27
84,28
84,32
84,33
84,36
84,38
84,39
85,0
85,1
85,3
85,4
85,6
86,1
86,3
87,0
87,1
88,0
88,3
89,0
89,3
89,4
90,1
90,3
90,4
90,6
90,7
91,1
91,2
91,4
91,6
91,7
92,1
92,2
92,4
92,6
93,0
93,2
93,3
93,5
94,0
94,2
94,4
94,5
95,0
95,1
95,4
96,0
96,1
96,3
96,4
97,1
97,3
98,0
98,2
98,3
99,0
99,1
99,3
99,5
99,6
100,0
100,1
100,3
100,5
100,6
101,1
101,2
101,4
106,0
106,3
117,1
117,3
119,0
119,1
120,0
120,3
120,4
121,0
121,1
121,4
121,5
122,1
122,3
122,4
122,6
122,7
122,9
122,11
122,12
123,1
123,2
123,4
123,5
123,7
123,9
125,0
125,2
125,3
125,5
125,7
125,8
126,0
126,1
126,3
126,5
126,6
126,8
126,9
126,11
127,0
127,2
127,4
127,5
127,7
127,8
127,10
127,12
130,0
130,3
131,0
131,3
132,0
132,3
132,5
132,7
134,1
134,3
134,5
135,0
135,1
135,5
136,0
136,3
136,5
137,1
137,4
137,6
138,1
138,3
139,1
139,4
143,0
143,2
143,3
143,5
144,0
144,3
145,0
145,1
151,0
151,1
152,2
152,5
152,6
152,8
152,9
152,11
153,0
153,1
153,4
155,0
155,3
156,0
156,3
157,1
157,3
159,1
159,3
160,0
160,2
160,3
160,5
160,6
161,1
161,2
161,4
161,6
162,0
162,3
162,4
163,1
164,0
164,1
164,4
164,5
164,7
164,8
164,12
164,14
164,15
167,0
167,1
167,5
172,1
172,3
173,1
173,3
173,6
177,0
177,1
177,4
177,5
181,1
181,3
181,5
184,1
184,3
188,0
188,1
188,4
199,0
199,1
199,3
199,4
204,0
204,1
207,0
207,3
207,4
207,6
220,0
220,3
220,5
220,6
222,1
222,3
225,1
225,3
226,0
226,3
226,4
228,1
228,3
228,6
237,1
237,3
237,6
238,0
238,3
238,4
239,1
282,0
282,1
282,3
282,4
287,1
287,3
287,4
289,1
289,3
289,5
290,1
290,2
290,4
290,5
290,7
290,8
291,1
291,4
291,5
292,0
292,1
292,3
292,5
292,6
294,0
294,1
294,5
294,6
295,1
295,4
295,5
307,0
307,1
307,4
324,1
324,2
324,4
328,0
328,3
328,4
339,0
339,3
354,0
354,3
355,0
355,3
361,0
361,1
361,3
361,4
362,1
362,3
362,4
363,0
363,1
363,3
363,4
364,0
364,2
364,3
365,0
365,1
365,4
365,6
366,0
366,2
366,3
366,5
366,6
366,8
367,1
367,3
367,5
368,0
368,3
369,1
369,3
386,0
386,1
386,4
421,0
421,3
422,0
422,1
422,3
422,4
423,1
423,3
423,4
423,6
423,7
425,1
425,2
425,4
476,1
476,3
477,0
477,1
477,5
478,1
478,3
482,1
482,3
483,0
483,3
483,5
493,1
493,3
493,5
494,0
494,3
504,1
504,2
504,4
504,5
504,7
504,9
504,10
504,12
504,13
504,15
504,16
504,18
504,20
504,21
504,23
504,24
504,26
504,28
504,29
504,31
504,32
504,34
504,35
504,37
504,39
504,40
504,42
504,43
504,45
504,47
504,48
504,50
504,51
504,53
504,55
504,56
504,58
504,59
504,61
504,62
504,65
505,1
505,3
505,4
505,0
504,64
504,60
504,57
504,54
504,52
504,49
504,46
504,44
504,41
504,38
504,36
504,33
504,30
504,27
504,25
504,22
504,19
504,17
504,14
504,11
504,8
504,6
504,3
504,0
494,1
493,4
493,0
483,1
482,5
482,0
478,0
477,3
476,5
476,0
425,3
425,0
423,5
423,2
423,0
422,2
421,4
421,1
386,3
369,4
369,0
368,1
367,4
367,0
366,7
366,4
366,1
365,5
365,3
364,4
364,1
363,5
363,2
362,5
362,2
362,0
361,2
355,5
355,1
354,1
339,1
328,5
328,1
324,3
324,0
307,3
295,6
295,3
295,0
294,3
292,7
292,4
292,2
291,7
291,3
291,0
290,6
290,3
290,0
289,4
289,0
287,2
287,0
282,2
239,3
239,0
238,1
237,4
237,0
228,4
228,0
226,1
225,4
225,0
222,0
220,4
220,1
207,5
207,1
204,3
199,5
199,2
188,5
188,3
184,6
184,0
181,4
181,0
177,3
173,7
173,5
173,0
172,0
167,3
164,16
164,13
164,9
164,6
164,3
163,3
163,0
162,1
161,5
161,3
161,0
160,4
160,1
159,4
159,0
157,0
156,1
155,1
153,3
152,12
152,10
152,7
152,4
151,3
145,3
144,4
144,1
143,4
143,1
139,3
139,0
138,0
137,3
137,0
136,1
135,3
134,7
134,4
134,0
132,4
132,1
131,1
130,1
127,11
127,9
127,6
127,3
127,1
126,10
126,7
126,4
126,2
125,9
125,6
125,4
125,1
123,8
123,6
123,3
123,0
122,10
122,8
122,5
122,2
122,0
121,3
120,5
120,1
119,3
117,4
117,0
106,1
101,3
101,0
100,4
100,2
99,7
99,4
99,2
98,4
98,1
97,4
97,0
96,2
95,5
95,3
94,6
94,3
94,1
93,4
93,1
92,5
92,3
92,0
91,5
91,3
91,0
90,5
90,2
90,0
89,1
88,1
87,3
86,4
86,0
85,5
85,2
84,40
84,37
84,35
84,30
84,24
84,22
84,18
84,13
84,9
84,6
84,3
83,10
83,8
83,5
83,2
82,4
82,1
81,3
78,11
78,9
78,6
78,3
76,6
76,4
76,1
75,3
75,0
66,1
64,5
64,3
64,0
63,3
63,0
62,17
62,14
62,11
62,9
62,6
62,3
62,0
61,6
61,2
60,2
60,0
59,1
58,4
58,0
57,3
56,6
56,3
56,0
55,1
54,4
54,1
52,3
51,5
51,1
50,5
50,0
49,4
49,1
48,5
48,1
43,14
43,12
43,9
43,6
43,4
43,1
42,4
42,0
41,4
41,0
40,3
40,1
38,3
38,0
37,3
37,0
36,7
36,4
36,2
35,7
35,4
35,2
34,5
34,2
33,4
33,1
31,3
29,4
29,1
28,6
28,3
28,0
26,4
26,0
25,21
25,14
25,11
25,5
25,3
24,9
24,5
24,3
4,3
4,0
3,5
3,2
2,128
2,112
2,109
2,101
2,95
2,91
2,88
2,85
2,82
2,78
2,75
2,72
2,69
2,66
2,35
2,30
2,28
2,25
2,22
2,20
2,17
2,14
0,324
0,276
0,275
0,410
0,274
0,388
0,273
0,400
0,272
0,414
0,271
0,321
0,270
0,469
0,269
0,484
0,268
0,309
0,267
0,387
0,266
0,473
0,265
0,399
0,264
0,494
0,263
0,475
0,262
0,397
0,261
0,260
0,383
0,259
0,326
0,258
0,420
0,257
0,256
0,479
0,255
0,408
0,254
0,306
0,253
0,358
0,252
0,342
0,251
0,250
0,249
0,493
0,248
0,384
0,247
0,412
0,246
0,245
0,336
0,244
0,417
0,242
0,363
0,241
0,346
0,240
0,478
0,239
0,318
0,238
0,422
0,237
0,421
0,236
0,382
0,235
0,366
0,234
0,416
0,233
0,511
0,232
0,341
0,231
0,496
0,230
0,355
0,229
0,403
0,228
0,433
0,227
0,510
0,226
0,477
0,225
0,333
0,224
0,372
0,223
0,395
0,222
0,428
0,221
0,442
0,220
0,380
0,219
0,427
0,218
0,379
0,217
0,508
0,216
0,360
0,215
0,339
0,214
0,317
0,213
0,212
0,407
0,211
0,316
0,210
0,338
0,209
0,492
0,208
0,323
0,207
0,206
0,413
0,205
0,491
0,204
0,418
0,203
0,398
0,202
0,350
0,201
0,507
0,200
0,340
0,199
0,405
0,198
0,396
0,197
0,487
0,196
0,332
0,195
0,386
0,194
0,353
0,193
0,357
0,192
0,365
0,63
0,402
0,62
0,315
0,61
0,314
0,60
0,426
0,59
0,394
0,58
0,312
0,57
0,465
0,56
0,490
0,55
0,481
0,54
0,436
0,53
0,489
0,52
0,370
0,51
0,337
0,50
0,301
0,49
0,472
0,48
0,404
0,47
0,439
0,46
0,328
0,45
0,488
0,6
0,5
0,1
0,430
0,11
0,4
0,2
0,3
0,7
